x0 11 -1120452.748 -896362.198 -672271.649 -448181.099 -224090.55 0.0 224090.55 448181.099 672271.649 896362.198 1120452.748 
x1 32 -890582.505 -833125.569 -775668.633 -718211.698 -660754.762 -603297.826 -545840.89 -488383.954 -430927.019 -373470.083 -316013.147 -258556.211 -201099.275 -143642.34 -86185.404 -28728.468 28728.468 86185.404 143642.34 201099.275 258556.211 316013.147 373470.083 430927.019 488383.954 545840.89 603297.826 660754.762 718211.698 775668.633 833125.569 890582.505 
x2 12 -317022.642 -259382.162 -201741.681 -144101.201 -86460.721 -28820.24 28820.24 86460.721 144101.201 201741.681 259382.162 317022.642 
x3 28 -536058.744 -496350.689 -456642.634 -416934.579 -377226.524 -337518.468 -297810.413 -258102.358 -218394.303 -178686.248 -138978.193 -99270.138 -59562.083 -19854.028 19854.028 59562.083 99270.138 138978.193 178686.248 218394.303 258102.358 297810.413 337518.468 377226.524 416934.579 456642.634 496350.689 536058.744 
x4 50 -308220.883 -295640.439 -283059.995 -270479.55 -257899.106 -245318.662 -232738.218 -220157.774 -207577.329 -194996.885 -182416.441 -169835.997 -157255.553 -144675.108 -132094.664 -119514.22 -106933.776 -94353.332 -81772.887 -69192.443 -56611.999 -44031.555 -31451.111 -18870.666 -6290.222 6290.222 18870.666 31451.111 44031.555 56611.999 69192.443 81772.887 94353.332 106933.776 119514.22 132094.664 144675.108 157255.553 169835.997 182416.441 194996.885 207577.329 220157.774 232738.218 245318.662 257899.106 270479.55 283059.995 295640.439 308220.883 
x5 28 -48601.857 -45001.719 -41401.582 -37801.444 -34201.307 -30601.169 -27001.032 -23400.894 -19800.757 -16200.619 -12600.481 -9000.344 -5400.206 -1800.069 1800.069 5400.206 9000.344 12600.481 16200.619 19800.757 23400.894 27001.032 30601.169 34201.307 37801.444 41401.582 45001.719 48601.857 
x6 27 -851261.122 -785779.497 -720297.872 -654816.248 -589334.623 -523852.998 -458371.373 -392889.749 -327408.124 -261926.499 -196444.874 -130963.25 -65481.625 0.0 65481.625 130963.25 196444.874 261926.499 327408.124 392889.749 458371.373 523852.998 589334.623 654816.248 720297.872 785779.497 851261.122 
x7 12 -837919.457 -685570.465 -533221.473 -380872.48 -228523.488 -76174.496 76174.496 228523.488 380872.48 533221.473 685570.465 837919.457 
x8 18 -1853502.883 -1635443.72 -1417384.558 -1199325.395 -981266.232 -763207.069 -545147.907 -327088.744 -109029.581 109029.581 327088.744 545147.907 763207.069 981266.232 1199325.395 1417384.558 1635443.72 1853502.883 
x9 13 -226569.389 -188807.824 -151046.259 -113284.695 -75523.13 -37761.565 -0.0 37761.565 75523.13 113284.694 151046.259 188807.824 226569.389 
x10 12 -410251.473 -335660.296 -261069.119 -186477.942 -111886.765 -37295.588 37295.588 111886.765 186477.942 261069.119 335660.296 410251.473 
x11 20 -846180.54 -757108.904 -668037.268 -578965.633 -489893.997 -400822.361 -311750.725 -222679.089 -133607.454 -44535.818 44535.818 133607.454 222679.089 311750.725 400822.361 489893.997 578965.633 668037.268 757108.904 846180.54 
x12 11 -426540.262 -341232.21 -255924.157 -170616.105 -85308.052 0.0 85308.052 170616.105 255924.157 341232.21 426540.262 
x13 31 -826733.443 -771617.88 -716502.317 -661386.754 -606271.192 -551155.629 -496040.066 -440924.503 -385808.94 -330693.377 -275577.814 -220462.251 -165346.689 -110231.126 -55115.563 0.0 55115.563 110231.126 165346.689 220462.251 275577.814 330693.377 385808.94 440924.503 496040.066 551155.629 606271.192 661386.754 716502.317 771617.88 826733.443 
x14 101 -490308.224 -480502.06 -470695.895 -460889.731 -451083.566 -441277.402 -431471.237 -421665.073 -411858.908 -402052.744 -392246.579 -382440.415 -372634.25 -362828.086 -353021.921 -343215.757 -333409.592 -323603.428 -313797.263 -303991.099 -294184.934 -284378.77 -274572.605 -264766.441 -254960.276 -245154.112 -235347.948 -225541.783 -215735.619 -205929.454 -196123.29 -186317.125 -176510.961 -166704.796 -156898.632 -147092.467 -137286.303 -127480.138 -117673.974 -107867.809 -98061.645 -88255.48 -78449.316 -68643.151 -58836.987 -49030.822 -39224.658 -29418.493 -19612.329 -9806.164 0.0 9806.164 19612.329 29418.493 39224.658 49030.822 58836.987 68643.151 78449.316 88255.48 98061.645 107867.809 117673.974 127480.138 137286.303 147092.467 156898.632 166704.796 176510.961 186317.125 196123.29 205929.454 215735.619 225541.783 235347.948 245154.112 254960.276 264766.441 274572.605 284378.77 294184.934 303991.099 313797.263 323603.428 333409.592 343215.757 353021.921 362828.086 372634.25 382440.415 392246.579 402052.744 411858.908 421665.073 431471.237 441277.402 451083.566 460889.731 470695.895 480502.06 490308.224 
x15 13 -227400.256 -189500.213 -151600.171 -113700.128 -75800.085 -37900.043 0.0 37900.043 75800.085 113700.128 151600.171 189500.213 227400.256 
x16 14 -475423.273 -402281.231 -329139.189 -255997.147 -182855.105 -109713.063 -36571.021 36571.021 109713.063 182855.105 255997.147 329139.189 402281.231 475423.273 
x17 16 -663420.203 -574964.176 -486508.149 -398052.122 -309596.095 -221140.068 -132684.041 -44228.014 44228.014 132684.041 221140.068 309596.095 398052.122 486508.149 574964.176 663420.203 
x18 11 -426540.262 -341232.21 -255924.157 -170616.105 -85308.052 0.0 85308.052 170616.105 255924.157 341232.21 426540.262 
x19 34 -916115.853 -860593.68 -805071.507 -749549.334 -694027.161 -638504.988 -582982.816 -527460.643 -471938.47 -416416.297 -360894.124 -305371.951 -249849.778 -194327.605 -138805.432 -83283.259 -27761.086 27761.086 83283.259 138805.432 194327.605 249849.778 305371.951 360894.124 416416.297 471938.47 527460.643 582982.816 638504.988 694027.161 749549.334 805071.507 860593.68 916115.853 
x20 101 -489354.323 -479567.237 -469780.15 -459993.064 -450205.977 -440418.891 -430631.804 -420844.718 -411057.631 -401270.545 -391483.458 -381696.372 -371909.285 -362122.199 -352335.113 -342548.026 -332760.94 -322973.853 -313186.767 -303399.68 -293612.594 -283825.507 -274038.421 -264251.334 -254464.248 -244677.162 -234890.075 -225102.989 -215315.902 -205528.816 -195741.729 -185954.643 -176167.556 -166380.47 -156593.383 -146806.297 -137019.21 -127232.124 -117445.038 -107657.951 -97870.865 -88083.778 -78296.692 -68509.605 -58722.519 -48935.432 -39148.346 -29361.259 -19574.173 -9787.086 -0.0 9787.086 19574.173 29361.259 39148.346 48935.432 58722.519 68509.605 78296.692 88083.778 97870.865 107657.951 117445.038 127232.124 137019.21 146806.297 156593.383 166380.47 176167.556 185954.643 195741.729 205528.816 215315.902 225102.989 234890.075 244677.161 254464.248 264251.334 274038.421 283825.507 293612.594 303399.68 313186.767 322973.853 332760.94 342548.026 352335.113 362122.199 371909.285 381696.372 391483.458 401270.545 411057.631 420844.718 430631.804 440418.891 450205.977 459993.064 469780.15 479567.237 489354.323 
y0 23 -335308.762 -204510.938 -73713.115 57084.709 187882.533 318680.356 449478.18 580276.004 711073.827 841871.651 972669.475 1103467.298 1234265.122 1365062.946 1495860.77 1626658.593 1757456.417 1888254.241 2019052.064 2149849.888 2280647.712 2411445.535 2542243.359 
y1 101 -7102204.161 -7014647.776 -6927091.392 -6839535.007 -6751978.623 -6664422.238 -6576865.854 -6489309.469 -6401753.084 -6314196.7 -6226640.315 -6139083.931 -6051527.546 -5963971.161 -5876414.777 -5788858.392 -5701302.008 -5613745.623 -5526189.239 -5438632.854 -5351076.469 -5263520.085 -5175963.7 -5088407.316 -5000850.931 -4913294.546 -4825738.162 -4738181.777 -4650625.393 -4563069.008 -4475512.624 -4387956.239 -4300399.854 -4212843.47 -4125287.085 -4037730.701 -3950174.316 -3862617.932 -3775061.547 -3687505.162 -3599948.778 -3512392.393 -3424836.009 -3337279.624 -3249723.239 -3162166.855 -3074610.47 -2987054.086 -2899497.701 -2811941.317 -2724384.932 -2636828.547 -2549272.163 -2461715.778 -2374159.394 -2286603.009 -2199046.625 -2111490.24 -2023933.855 -1936377.471 -1848821.086 -1761264.702 -1673708.317 -1586151.932 -1498595.548 -1411039.163 -1323482.779 -1235926.394 -1148370.01 -1060813.625 -973257.24 -885700.856 -798144.471 -710588.087 -623031.702 -535475.317 -447918.933 -360362.548 -272806.164 -185249.779 -97693.395 -10137.01 77419.375 164975.759 252532.144 340088.528 427644.913 515201.297 602757.682 690314.067 777870.451 865426.836 952983.22 1040539.605 1128095.99 1215652.374 1303208.759 1390765.143 1478321.528 1565877.912 1653434.297 
y2 58 -1266456.29 -1234106.466 -1201756.642 -1169406.818 -1137056.994 -1104707.17 -1072357.346 -1040007.522 -1007657.698 -975307.874 -942958.05 -910608.226 -878258.402 -845908.578 -813558.754 -781208.931 -748859.107 -716509.283 -684159.459 -651809.635 -619459.811 -587109.987 -554760.163 -522410.339 -490060.515 -457710.691 -425360.867 -393011.043 -360661.219 -328311.395 -295961.571 -263611.747 -231261.923 -198912.099 -166562.275 -134212.451 -101862.627 -69512.803 -37162.979 -4813.155 27536.669 59886.493 92236.317 124586.14 156935.964 189285.788 221635.612 253985.436 286335.26 318685.084 351034.908 383384.732 415734.556 448084.38 480434.204 512784.028 545133.852 577483.676 
y3 101 -4304076.195 -4250900.286 -4197724.376 -4144548.467 -4091372.558 -4038196.648 -3985020.739 -3931844.83 -3878668.92 -3825493.011 -3772317.102 -3719141.192 -3665965.283 -3612789.374 -3559613.464 -3506437.555 -3453261.646 -3400085.736 -3346909.827 -3293733.918 -3240558.008 -3187382.099 -3134206.19 -3081030.28 -3027854.371 -2974678.462 -2921502.552 -2868326.643 -2815150.734 -2761974.824 -2708798.915 -2655623.006 -2602447.096 -2549271.187 -2496095.278 -2442919.368 -2389743.459 -2336567.55 -2283391.64 -2230215.731 -2177039.822 -2123863.912 -2070688.003 -2017512.094 -1964336.184 -1911160.275 -1857984.366 -1804808.456 -1751632.547 -1698456.638 -1645280.729 -1592104.819 -1538928.91 -1485753.001 -1432577.091 -1379401.182 -1326225.273 -1273049.363 -1219873.454 -1166697.545 -1113521.635 -1060345.726 -1007169.817 -953993.907 -900817.998 -847642.089 -794466.179 -741290.27 -688114.361 -634938.451 -581762.542 -528586.633 -475410.723 -422234.814 -369058.905 -315882.995 -262707.086 -209531.177 -156355.267 -103179.358 -50003.449 3172.461 56348.37 109524.279 162700.189 215876.098 269052.007 322227.917 375403.826 428579.735 481755.645 534931.554 588107.463 641283.373 694459.282 747635.191 800811.101 853987.01 907162.919 960338.829 1013514.738 
y4 101 -2421985.55 -2392286.551 -2362587.552 -2332888.553 -2303189.554 -2273490.555 -2243791.556 -2214092.557 -2184393.558 -2154694.56 -2124995.561 -2095296.562 -2065597.563 -2035898.564 -2006199.565 -1976500.566 -1946801.567 -1917102.568 -1887403.569 -1857704.57 -1828005.571 -1798306.572 -1768607.573 -1738908.574 -1709209.575 -1679510.576 -1649811.578 -1620112.579 -1590413.58 -1560714.581 -1531015.582 -1501316.583 -1471617.584 -1441918.585 -1412219.586 -1382520.587 -1352821.588 -1323122.589 -1293423.59 -1263724.591 -1234025.592 -1204326.593 -1174627.595 -1144928.596 -1115229.597 -1085530.598 -1055831.599 -1026132.6 -996433.601 -966734.602 -937035.603 -907336.604 -877637.605 -847938.606 -818239.607 -788540.608 -758841.609 -729142.61 -699443.611 -669744.613 -640045.614 -610346.615 -580647.616 -550948.617 -521249.618 -491550.619 -461851.62 -432152.621 -402453.622 -372754.623 -343055.624 -313356.625 -283657.626 -253958.627 -224259.628 -194560.629 -164861.631 -135162.632 -105463.633 -75764.634 -46065.635 -16366.636 13332.363 43031.362 72730.361 102429.36 132128.359 161827.358 191526.357 221225.356 250924.355 280623.354 310322.352 340021.351 369720.35 399419.349 429118.348 458817.347 488516.346 518215.345 547914.344 
y5 101 -390224.551 -385404.985 -380585.419 -375765.853 -370946.286 -366126.72 -361307.154 -356487.588 -351668.022 -346848.456 -342028.889 -337209.323 -332389.757 -327570.191 -322750.625 -317931.059 -313111.492 -308291.926 -303472.36 -298652.794 -293833.228 -289013.662 -284194.095 -279374.529 -274554.963 -269735.397 -264915.831 -260096.265 -255276.699 -250457.132 -245637.566 -240818.0 -235998.434 -231178.868 -226359.302 -221539.735 -216720.169 -211900.603 -207081.037 -202261.471 -197441.905 -192622.338 -187802.772 -182983.206 -178163.64 -173344.074 -168524.508 -163704.941 -158885.375 -154065.809 -149246.243 -144426.677 -139607.111 -134787.545 -129967.978 -125148.412 -120328.846 -115509.28 -110689.714 -105870.148 -101050.581 -96231.015 -91411.449 -86591.883 -81772.317 -76952.751 -72133.184 -67313.618 -62494.052 -57674.486 -52854.92 -48035.354 -43215.787 -38396.221 -33576.655 -28757.089 -23937.523 -19117.957 -14298.391 -9478.824 -4659.258 160.308 4979.874 9799.44 14619.006 19438.573 24258.139 29077.705 33897.271 38716.837 43536.403 48355.97 53175.536 57995.102 62814.668 67634.234 72453.8 77273.367 82092.933 86912.499 91732.065 
y6 23 -99092.694 -60348.227 -21603.759 17140.708 55885.176 94629.643 133374.111 172118.578 210863.046 249607.514 288351.981 327096.448 365840.916 404585.384 443329.851 482074.318 520818.786 559563.254 598307.721 637052.188 675796.656 714541.124 753285.591 
y7 23 -236216.135 -144163.127 -52110.119 39942.89 131995.898 224048.906 316101.914 408154.922 500207.93 592260.939 684313.947 776366.955 868419.963 960472.971 1052525.98 1144578.988 1236631.996 1328685.004 1420738.012 1512791.02 1604844.029 1696897.037 1788950.045 
y8 28 -697074.848 -562648.036 -428221.225 -293794.413 -159367.601 -24940.789 109486.022 243912.834 378339.646 512766.458 647193.269 781620.081 916046.893 1050473.705 1184900.516 1319327.328 1453754.14 1588180.952 1722607.763 1857034.575 1991461.387 2125888.199 2260315.01 2394741.822 2529168.634 2663595.446 2798022.257 2932449.069 
y9 22 -364497.32 -344447.087 -324396.853 -304346.62 -284296.387 -264246.154 -244195.92 -224145.687 -204095.454 -184045.22 -163994.987 -143944.754 -123894.521 -103844.287 -83794.054 -63743.821 -43693.587 -23643.354 -3593.121 16457.112 36507.346 56557.579 
y10 22 -739634.528 -697054.547 -654474.566 -611894.585 -569314.605 -526734.624 -484154.643 -441574.662 -398994.681 -356414.7 -313834.719 -271254.739 -228674.758 -186094.777 -143514.796 -100934.815 -58354.834 -15774.853 26805.127 69385.108 111965.089 154545.07 
y11 21 -916591.525 -863548.64 -810505.755 -757462.87 -704419.986 -651377.101 -598334.216 -545291.331 -492248.446 -439205.561 -386162.677 -333119.792 -280076.907 -227034.022 -173991.137 -120948.252 -67905.367 -14862.483 38180.402 91223.287 144266.172 
y12 26 -1037798.669 -987636.416 -937474.163 -887311.91 -837149.656 -786987.403 -736825.15 -686662.897 -636500.644 -586338.391 -536176.137 -486013.884 -435851.631 -385689.378 -335527.125 -285364.872 -235202.618 -185040.365 -134878.112 -84715.859 -34553.606 15608.647 65770.901 115933.154 166095.407 216257.66 
y13 36 -880972.779 -846925.743 -812878.707 -778831.672 -744784.636 -710737.6 -676690.564 -642643.528 -608596.493 -574549.457 -540502.421 -506455.385 -472408.349 -438361.314 -404314.278 -370267.242 -336220.206 -302173.17 -268126.135 -234079.099 -200032.063 -165985.027 -131937.991 -97890.956 -63843.92 -29796.884 4250.152 38297.188 72344.223 106391.259 140438.295 174485.331 208532.367 242579.402 276626.438 310673.474 
y14 74 -488864.932 -480256.921 -471648.909 -463040.898 -454432.887 -445824.875 -437216.864 -428608.853 -420000.841 -411392.83 -402784.819 -394176.807 -385568.796 -376960.785 -368352.773 -359744.762 -351136.751 -342528.739 -333920.728 -325312.716 -316704.705 -308096.694 -299488.682 -290880.671 -282272.66 -273664.648 -265056.637 -256448.626 -247840.614 -239232.603 -230624.592 -222016.58 -213408.569 -204800.558 -196192.546 -187584.535 -178976.524 -170368.512 -161760.501 -153152.49 -144544.478 -135936.467 -127328.456 -118720.444 -110112.433 -101504.422 -92896.41 -84288.399 -75680.388 -67072.376 -58464.365 -49856.354 -41248.342 -32640.331 -24032.32 -15424.308 -6816.297 1791.715 10399.726 19007.737 27615.749 36223.76 44831.771 53439.783 62047.794 70655.805 79263.817 87871.828 96479.839 105087.851 113695.862 122303.873 130911.885 139519.896 
y15 22 -56557.568 -36507.291 -16457.015 3593.262 23643.539 43693.815 63744.092 83794.369 103844.645 123894.922 143945.199 163995.475 184045.752 204096.029 224146.305 244196.582 264246.859 284297.135 304347.412 324397.689 344447.965 364498.242 
y16 22 -179037.599 -135291.31 -91545.02 -47798.731 -4052.441 39693.848 83440.138 127186.427 170932.716 214679.006 258425.295 302171.585 345917.874 389664.164 433410.453 477156.742 520903.032 564649.321 608395.611 652141.9 695888.19 739634.479 
y17 21 -138907.001 -86132.035 -33357.069 19417.896 72192.862 124967.828 177742.794 230517.76 283292.725 336067.691 388842.657 441617.623 494392.589 547167.554 599942.52 652717.486 705492.452 758267.418 811042.383 863817.349 916592.315 
y18 26 -211356.397 -161389.868 -111423.339 -61456.809 -11490.28 38476.249 88442.778 138409.307 188375.837 238342.366 288308.895 338275.424 388241.953 438208.483 488175.012 538141.541 588108.07 638074.599 688041.129 738007.658 787974.187 837940.716 887907.245 937873.775 987840.304 1037806.833 
y19 37 -344307.294 -310255.34 -276203.386 -242151.431 -208099.477 -174047.523 -139995.568 -105943.614 -71891.66 -37839.706 -3787.751 30264.203 64316.157 98368.111 132420.066 166472.02 200523.974 234575.928 268627.883 302679.837 336731.791 370783.745 404835.7 438887.654 472939.608 506991.562 541043.516 575095.471 609147.425 643199.379 677251.334 711303.288 745355.242 779407.196 813459.15 847511.105 881563.059 
y20 74 -136091.402 -127525.245 -118959.088 -110392.932 -101826.775 -93260.618 -84694.461 -76128.304 -67562.147 -58995.991 -50429.834 -41863.677 -33297.52 -24731.363 -16165.206 -7599.05 967.107 9533.264 18099.421 26665.578 35231.734 43797.891 52364.048 60930.205 69496.362 78062.519 86628.675 95194.832 103760.989 112327.146 120893.303 129459.459 138025.616 146591.773 155157.93 163724.087 172290.244 180856.4 189422.557 197988.714 206554.871 215121.028 223687.185 232253.341 240819.498 249385.655 257951.812 266517.969 275084.125 283650.282 292216.439 300782.596 309348.753 317914.91 326481.066 335047.223 343613.38 352179.537 360745.694 369311.85 377878.007 386444.164 395010.321 403576.478 412142.635 420708.791 429274.948 437841.105 446407.262 454973.419 463539.576 472105.732 480671.889 489238.046 
z0 6 -262369.365 -107343.558 47682.249 202708.057 357733.864 512759.671 
z1 22 -243261.907 -149311.999 -55362.091 38587.817 132537.725 226487.633 320437.54 414387.448 508337.356 602287.264 696237.172 790187.08 884136.988 978086.896 1072036.804 1165986.712 1259936.619 1353886.527 1447836.435 1541786.343 1635736.251 1729686.159 
z2 10 -73839.646 -11146.598 51546.451 114239.499 176932.547 239625.596 302318.644 365011.692 427704.741 490397.789 
z3 21 -150952.416 -89836.65 -28720.884 32394.882 93510.648 154626.414 215742.181 276857.947 337973.713 399089.479 460205.245 521321.011 582436.777 643552.543 704668.309 765784.075 826899.842 888015.608 949131.374 1010247.14 1071362.906 
z4 25 -78390.438 -51817.733 -25245.029 1327.676 27900.38 54473.085 81045.79 107618.494 134191.199 160763.904 187336.608 213909.313 240482.018 267054.722 293627.427 320200.131 346772.836 373345.541 399918.245 426490.95 453063.655 479636.359 506209.064 532781.768 559354.473 
z5 21 -13663.942 -8133.444 -2602.946 2927.552 8458.05 13988.548 19519.047 25049.545 30580.043 36110.541 41641.039 47171.537 52702.035 58232.533 63763.031 69293.53 74824.028 80354.526 85885.024 91415.522 96946.02 
z6 6 -98591.176 -48553.886 1483.404 51520.695 101557.985 151595.275 
z7 6 -184538.565 -75397.951 33742.663 142883.277 252023.891 361164.505 
z8 6 -259751.505 -106227.511 47296.482 200820.476 354344.469 507868.463 
z9 6 -111286.3 -79815.112 -48343.925 -16872.737 14598.45 46069.638 
z10 6 -172677.786 -120485.159 -68292.532 -16099.906 36092.721 88285.348 
z11 7 -212466.099 -147876.913 -83287.728 -18698.542 45890.644 110479.829 175069.015 
z12 6 -195324.216 -131666.992 -68009.769 -4352.545 59304.678 122961.902 
z13 9 -195832.088 -158749.341 -121666.594 -84583.847 -47501.1 -10418.353 26664.394 63747.141 100829.888 
z14 29 -99411.391 -92228.892 -85046.393 -77863.893 -70681.394 -63498.895 -56316.396 -49133.896 -41951.397 -34768.898 -27586.399 -20403.9 -13221.4 -6038.901 1143.598 8326.097 15508.596 22691.096 29873.595 37056.094 44238.593 51421.092 58603.592 65786.091 72968.59 80151.089 87333.589 94516.088 101698.587 
z15 6 -46245.744 -14744.539 16756.665 48257.87 79759.074 111260.279 
z16 6 -88285.338 -36092.718 16099.902 68292.523 120485.143 172677.763 
z17 6 -138180.685 -68051.326 2078.033 72207.392 142336.751 212466.11 
z18 6 -120158.803 -57062.199 6034.405 69131.008 132227.612 195324.216 
z19 9 -158133.648 -117298.889 -76464.13 -35629.371 5205.388 46040.146 86874.905 127709.664 168544.423 
z20 25 -127799.993 -120564.227 -113328.462 -106092.696 -98856.931 -91621.165 -84385.4 -77149.634 -69913.869 -62678.103 -55442.338 -48206.572 -40970.807 -33735.041 -26499.275 -19263.51 -12027.744 -4791.979 2443.787 9679.552 16915.318 24151.083 31386.849 38622.614 45858.38 
timeSinceLastBrake 3 0.0 11805.0 23610.0 
timeSpentBraking 2 0.0 1090.0 
timeSinceLastAir 3 0.0 3525.0 7050.0 
timeSpentAir 2 0.0 2240.0 
